Road : {'lenght': 4000, 'Frequency': 0.5, 'Time': 3000}
Rule : RightHand_NS
0.00775 , 0.01575 , 0.02325 , 0.03 , 0.038 , 0.04575 , 0.054 , 0.06125 , 0.0705 , 0.07825 , 0.0825 , 0.08975 , 0.09575 , 0.103 , 0.10725 , 0.11175 , 0.117 , 0.123 , 0.12575 , 0.13125 , 0.13425 , 0.138 , 0.14 , 0.13975 , 0.1425 , 0.1455 , 0.15025 , 0.15575 , 0.15875 , 0.16125 , 0.16725 , 0.17275 , 0.179 , 0.17825 , 0.18375 , 0.18825 , 0.18925 , 0.19125 , 0.1965 , 0.20275 , 0.207 , 0.20925 , 0.213 , 0.218 , 0.223 , 0.22825 , 0.232 , 0.23825 , 0.24075 , 0.247 , 
Rule : No_Rule_NS
0.00775 , 0.01575 , 0.02325 , 0.03 , 0.038 , 0.04575 , 0.054 , 0.06125 , 0.0705 , 0.07825 , 0.0835 , 0.0925 , 0.1 , 0.108 , 0.1155 , 0.12125 , 0.127 , 0.13525 , 0.13875 , 0.147 , 0.15325 , 0.16 , 0.16625 , 0.1705 , 0.1765 , 0.18075 , 0.18625 , 0.19325 , 0.19925 , 0.20525 , 0.212 , 0.21925 , 0.227 , 0.2305 , 0.23825 , 0.2455 , 0.2475 , 0.2515 , 0.2575 , 0.2595 , 0.266 , 0.266 , 0.26925 , 0.27275 , 0.276 , 0.275 , 0.28125 , 0.28425 , 0.28425 , 0.28525 , 
Road : {'lenght': 4000, 'Frequency': 0.5, 'Time': 3000}
Rule : RightHand_NS
0.00725 , 0.016 , 0.02375 , 0.032 , 0.038 , 0.0455 , 0.0525 , 0.0585 , 0.06725 , 0.07225 , 0.0785 , 0.08225 , 0.08775 , 0.094 , 0.0985 , 0.10325 , 0.10825 , 0.11475 , 0.118 , 0.12325 , 0.128 , 0.13475 , 0.13675 , 0.14125 , 0.146 , 0.1465 , 0.1515 , 0.15625 , 0.15825 , 0.16425 , 0.1665 , 0.17375 , 0.17725 , 0.17675 , 0.179 , 0.181 , 0.183 , 0.1875 , 0.19425 , 0.1965 , 0.19825 , 0.2005 , 0.205 , 0.2095 , 0.21275 , 0.2165 , 0.2225 , 0.22675 , 0.2295 , 0.23375 , 
Rule : No_Rule_NS
0.00725 , 0.016 , 0.02375 , 0.032 , 0.038 , 0.0455 , 0.0525 , 0.0585 , 0.06725 , 0.0725 , 0.08 , 0.08625 , 0.09375 , 0.1015 , 0.109 , 0.1155 , 0.1225 , 0.1285 , 0.1335 , 0.14075 , 0.14825 , 0.15575 , 0.1615 , 0.16725 , 0.1715 , 0.1785 , 0.1835 , 0.191 , 0.1975 , 0.20475 , 0.2095 , 0.21675 , 0.223 , 0.23025 , 0.2325 , 0.237 , 0.242 , 0.246 , 0.25425 , 0.255 , 0.2535 , 0.25825 , 0.26375 , 0.26725 , 0.2685 , 0.27225 , 0.2785 , 0.277 , 0.28075 , 0.2875 , 
Road : {'lenght': 4000, 'Frequency': 0.5, 'Time': 3000}
Rule : RightHand_NS
0.0065 , 0.01325 , 0.02125 , 0.0295 , 0.03675 , 0.0455 , 0.05275 , 0.06075 , 0.068 , 0.07425 , 0.0805 , 0.08675 , 0.092 , 0.09575 , 0.10175 , 0.10675 , 0.11175 , 0.1165 , 0.12175 , 0.12725 , 0.13275 , 0.13625 , 0.13925 , 0.14075 , 0.1465 , 0.152 , 0.15825 , 0.16225 , 0.167 , 0.17175 , 0.17575 , 0.1785 , 0.1825 , 0.18775 , 0.18575 , 0.18375 , 0.1875 , 0.19175 , 0.19625 , 0.1985 , 0.2045 , 0.21225 , 0.2175 , 0.2215 , 0.22525 , 0.23 , 0.2335 , 0.24 , 0.24375 , 0.2495 , 
Rule : No_Rule_NS
0.0065 , 0.01325 , 0.02125 , 0.0295 , 0.03675 , 0.0455 , 0.05275 , 0.06075 , 0.068 , 0.07425 , 0.0805 , 0.088 , 0.09475 , 0.10125 , 0.10975 , 0.11675 , 0.12375 , 0.132 , 0.137 , 0.14275 , 0.15 , 0.157 , 0.16325 , 0.16825 , 0.174 , 0.18025 , 0.188 , 0.19325 , 0.201 , 0.20825 , 0.21375 , 0.2195 , 0.227 , 0.23525 , 0.2385 , 0.242 , 0.247 , 0.2485 , 0.25525 , 0.257 , 0.26275 , 0.26525 , 0.26975 , 0.268 , 0.27075 , 0.2745 , 0.2805 , 0.287 , 0.28725 , 0.2815 , 
Road : {'lenght': 4000, 'Frequency': 0.5, 'Time': 3000}
Rule : RightHand_NS
0.0075 , 0.0155 , 0.02475 , 0.03275 , 0.0385 , 0.047 , 0.05375 , 0.06075 , 0.0685 , 0.07575 , 0.08275 , 0.08975 , 0.096 , 0.10075 , 0.1065 , 0.1135 , 0.1175 , 0.12225 , 0.1275 , 0.1325 , 0.13725 , 0.14175 , 0.1445 , 0.1495 , 0.1525 , 0.15575 , 0.15875 , 0.16525 , 0.1695 , 0.17375 , 0.17875 , 0.184 , 0.18925 , 0.19075 , 0.1925 , 0.19475 , 0.2 , 0.201 , 0.20575 , 0.21025 , 0.21675 , 0.219 , 0.2265 , 0.232 , 0.2365 , 0.242 , 0.249 , 0.2545 , 0.2605 , 0.2655 , 
Rule : No_Rule_NS
0.0075 , 0.0155 , 0.02475 , 0.03275 , 0.0385 , 0.047 , 0.05375 , 0.06075 , 0.0685 , 0.07575 , 0.08425 , 0.0925 , 0.10125 , 0.10825 , 0.1165 , 0.125 , 0.13175 , 0.13725 , 0.1445 , 0.1505 , 0.1585 , 0.16525 , 0.1705 , 0.177 , 0.18225 , 0.19 , 0.19775 , 0.20625 , 0.21325 , 0.2205 , 0.22575 , 0.232 , 0.23875 , 0.24525 , 0.2495 , 0.252 , 0.25475 , 0.2565 , 0.2615 , 0.26175 , 0.27 , 0.27175 , 0.27825 , 0.28025 , 0.283 , 0.28575 , 0.2885 , 0.297 , 0.30475 , 0.3085 , 
Road : {'lenght': 4000, 'Frequency': 0.5, 'Time': 3000}
Rule : RightHand_NS
0.008 , 0.01475 , 0.02075 , 0.0285 , 0.0355 , 0.04475 , 0.05175 , 0.05875 , 0.066 , 0.0715 , 0.0785 , 0.08325 , 0.08925 , 0.09575 , 0.10175 , 0.10825 , 0.11225 , 0.117 , 0.12275 , 0.12675 , 0.1315 , 0.1385 , 0.1395 , 0.1435 , 0.148 , 0.152 , 0.15575 , 0.16175 , 0.167 , 0.17075 , 0.17725 , 0.1815 , 0.1875 , 0.18725 , 0.19225 , 0.19475 , 0.19575 , 0.197 , 0.20175 , 0.207 , 0.2095 , 0.21625 , 0.22 , 0.22375 , 0.22825 , 0.233 , 0.2395 , 0.243 , 0.24725 , 0.25325 , 
Rule : No_Rule_NS
0.008 , 0.01475 , 0.02075 , 0.0285 , 0.0355 , 0.04475 , 0.05175 , 0.05875 , 0.066 , 0.0715 , 0.08 , 0.0865 , 0.094 , 0.102 , 0.11075 , 0.119 , 0.1255 , 0.131 , 0.1375 , 0.14475 , 0.15175 , 0.16075 , 0.166 , 0.16975 , 0.17375 , 0.18175 , 0.187 , 0.19275 , 0.19875 , 0.2055 , 0.214 , 0.2215 , 0.2285 , 0.23225 , 0.23775 , 0.243 , 0.24775 , 0.2535 , 0.258 , 0.2595 , 0.26225 , 0.26975 , 0.27175 , 0.27625 , 0.2795 , 0.284 , 0.28575 , 0.29025 , 0.2895 , 0.29225 , 
Road : {'lenght': 4000, 'Frequency': 0.5, 'Time': 3000}
Rule : RightHand_NS
0.00775 , 0.01525 , 0.0225 , 0.02975 , 0.0375 , 0.04625 , 0.05375 , 0.0625 , 0.06875 , 0.0745 , 0.0805 , 0.08575 , 0.092 , 0.09625 , 0.101 , 0.107 , 0.11075 , 0.11375 , 0.11725 , 0.1205 , 0.126 , 0.131 , 0.13725 , 0.14075 , 0.14675 , 0.15075 , 0.156 , 0.16175 , 0.169 , 0.176 , 0.1815 , 0.185 , 0.19 , 0.1915 , 0.19225 , 0.19525 , 0.199 , 0.2035 , 0.20525 , 0.20775 , 0.21275 , 0.21775 , 0.22425 , 0.2305 , 0.23675 , 0.24225 , 0.24625 , 0.25075 , 0.257 , 0.262 , 
Rule : No_Rule_NS
0.00775 , 0.01525 , 0.0225 , 0.02975 , 0.0375 , 0.04625 , 0.05375 , 0.0625 , 0.06875 , 0.075 , 0.08275 , 0.09075 , 0.0985 , 0.104 , 0.111 , 0.11875 , 0.1255 , 0.13125 , 0.13625 , 0.14175 , 0.1495 , 0.157 , 0.164 , 0.1695 , 0.176 , 0.1815 , 0.1895 , 0.19775 , 0.20625 , 0.215 , 0.223 , 0.22925 , 0.236 , 0.24125 , 0.245 , 0.252 , 0.2575 , 0.26225 , 0.2635 , 0.2645 , 0.26775 , 0.273 , 0.27475 , 0.28175 , 0.28475 , 0.286 , 0.29025 , 0.28925 , 0.28625 , 0.2925 , 
Road : {'lenght': 4000, 'Frequency': 0.5, 'Time': 3000}
Rule : RightHand_NS
0.00775 , 0.01475 , 0.02175 , 0.02975 , 0.03825 , 0.045 , 0.0525 , 0.0595 , 0.06625 , 0.07175 , 0.076 , 0.082 , 0.0885 , 0.095 , 0.10125 , 0.105 , 0.10775 , 0.1085 , 0.11325 , 0.11825 , 0.12325 , 0.129 , 0.133 , 0.138 , 0.1445 , 0.14725 , 0.15 , 0.153 , 0.15725 , 0.1625 , 0.16675 , 0.1705 , 0.1755 , 0.17875 , 0.18075 , 0.18325 , 0.185 , 0.18525 , 0.18925 , 0.1945 , 0.2015 , 0.20425 , 0.21075 , 0.217 , 0.22225 , 0.22725 , 0.232 , 0.236 , 0.24125 , 0.24775 , 
Rule : No_Rule_NS
0.00775 , 0.01475 , 0.02175 , 0.02975 , 0.03825 , 0.045 , 0.0525 , 0.0595 , 0.06625 , 0.07175 , 0.07825 , 0.0865 , 0.09575 , 0.10325 , 0.11125 , 0.117 , 0.12375 , 0.12775 , 0.13375 , 0.1405 , 0.14875 , 0.1565 , 0.161 , 0.16675 , 0.17375 , 0.18 , 0.18625 , 0.19275 , 0.19925 , 0.20425 , 0.21075 , 0.2175 , 0.22475 , 0.2315 , 0.236 , 0.24225 , 0.2475 , 0.25025 , 0.251 , 0.2585 , 0.26225 , 0.26725 , 0.27175 , 0.27775 , 0.27675 , 0.2785 , 0.2825 , 0.2845 , 0.292 , 0.296 , 
Road : {'lenght': 4000, 'Frequency': 0.5, 'Time': 3000}
Rule : RightHand_NS
0.00925 , 0.017 , 0.023 , 0.03275 , 0.03975 , 0.047 , 0.054 , 0.061 , 0.06875 , 0.073 , 0.079 , 0.086 , 0.09075 , 0.09575 , 0.09925 , 0.1055 , 0.107 , 0.11025 , 0.115 , 0.12075 , 0.12475 , 0.1295 , 0.12775 , 0.12975 , 0.13375 , 0.1365 , 0.14125 , 0.1445 , 0.15075 , 0.15625 , 0.16 , 0.164 , 0.1695 , 0.1715 , 0.17175 , 0.17425 , 0.1785 , 0.185 , 0.19025 , 0.1945 , 0.19825 , 0.20375 , 0.21075 , 0.2175 , 0.22475 , 0.233 , 0.23575 , 0.24 , 0.24425 , 0.25025 , 
Rule : No_Rule_NS
0.00925 , 0.017 , 0.023 , 0.03275 , 0.03975 , 0.047 , 0.054 , 0.061 , 0.06875 , 0.07375 , 0.0805 , 0.0885 , 0.09525 , 0.1025 , 0.10825 , 0.11525 , 0.119 , 0.12375 , 0.1305 , 0.1385 , 0.1455 , 0.153 , 0.15825 , 0.1625 , 0.169 , 0.17375 , 0.181 , 0.18175 , 0.18575 , 0.1935 , 0.20025 , 0.20525 , 0.20825 , 0.212 , 0.216 , 0.2195 , 0.2235 , 0.231 , 0.23875 , 0.24475 , 0.2455 , 0.253 , 0.262 , 0.2675 , 0.275 , 0.2775 , 0.28075 , 0.28375 , 0.29025 , 0.29525 , 
Road : {'lenght': 4000, 'Frequency': 0.5, 'Time': 3000}
Rule : RightHand_NS
0.00875 , 0.0145 , 0.02 , 0.027 , 0.03325 , 0.039 , 0.0465 , 0.05525 , 0.06425 , 0.0705 , 0.076 , 0.08075 , 0.0895 , 0.0935 , 0.09975 , 0.10525 , 0.1095 , 0.11475 , 0.1185 , 0.1245 , 0.1295 , 0.1345 , 0.138 , 0.1415 , 0.13675 , 0.142 , 0.14225 , 0.14525 , 0.149 , 0.15375 , 0.1595 , 0.16475 , 0.1685 , 0.17125 , 0.177 , 0.18125 , 0.18675 , 0.19125 , 0.19825 , 0.205 , 0.21075 , 0.217 , 0.22325 , 0.2295 , 0.23675 , 0.24175 , 0.24775 , 0.25375 , 0.25875 , 0.266 , 
Rule : No_Rule_NS
0.00875 , 0.0145 , 0.02 , 0.027 , 0.03325 , 0.039 , 0.0465 , 0.05525 , 0.06425 , 0.07075 , 0.07725 , 0.085 , 0.0945 , 0.10025 , 0.108 , 0.11625 , 0.12275 , 0.13 , 0.1365 , 0.144 , 0.15075 , 0.16 , 0.162 , 0.16775 , 0.17275 , 0.17875 , 0.18425 , 0.191 , 0.199 , 0.207 , 0.21575 , 0.224 , 0.231 , 0.2375 , 0.24475 , 0.25025 , 0.24975 , 0.257 , 0.263 , 0.2665 , 0.27475 , 0.283 , 0.28675 , 0.29225 , 0.29225 , 0.299 , 0.30625 , 0.311 , 0.31175 , 0.3105 , 
Road : {'lenght': 4000, 'Frequency': 0.5, 'Time': 3000}
Rule : RightHand_NS
0.00675 , 0.014 , 0.0195 , 0.0265 , 0.0335 , 0.03925 , 0.04725 , 0.05425 , 0.0605 , 0.06625 , 0.0705 , 0.0765 , 0.083 , 0.0875 , 0.0935 , 0.1005 , 0.1065 , 0.11025 , 0.11425 , 0.1195 , 0.12325 , 0.129 , 0.13475 , 0.1385 , 0.1435 , 0.14875 , 0.1545 , 0.1605 , 0.163 , 0.16825 , 0.1745 , 0.18075 , 0.18525 , 0.19075 , 0.194 , 0.2005 , 0.201 , 0.2065 , 0.213 , 0.219 , 0.22225 , 0.22675 , 0.2315 , 0.2355 , 0.24175 , 0.247 , 0.25225 , 0.259 , 0.26575 , 0.271 , 
Rule : No_Rule_NS
0.00675 , 0.014 , 0.0195 , 0.0265 , 0.0335 , 0.03925 , 0.04725 , 0.05425 , 0.0605 , 0.06625 , 0.0725 , 0.0805 , 0.08775 , 0.093 , 0.101 , 0.10925 , 0.11725 , 0.12475 , 0.131 , 0.139 , 0.14475 , 0.15275 , 0.162 , 0.16975 , 0.178 , 0.18575 , 0.193 , 0.20225 , 0.20875 , 0.2155 , 0.22475 , 0.2325 , 0.24 , 0.24675 , 0.252 , 0.2565 , 0.25925 , 0.2625 , 0.26825 , 0.27025 , 0.272 , 0.2745 , 0.27925 , 0.2845 , 0.2865 , 0.2915 , 0.292 , 0.29575 , 0.299 , 0.3025 , 
