Road : {'lenght': 4000, 'Frequency': 0.85, 'Time': 3000}
Rule : RightHand_NS
0.01225 , 0.0245 , 0.03775 , 0.0505 , 0.06425 , 0.0765 , 0.08925 , 0.10125 , 0.1125 , 0.123 , 0.1345 , 0.145 , 0.1555 , 0.16575 , 0.1755 , 0.187 , 0.197 , 0.20175 , 0.211 , 0.2185 , 0.229 , 0.239 , 0.2475 , 0.25875 , 0.26925 , 0.27225 , 0.2805 , 0.28975 , 0.299 , 0.3095 , 0.31875 , 0.3275 , 0.33575 , 0.3365 , 0.343 , 0.3525 , 0.3635 , 0.37375 , 0.38225 , 0.391 , 0.402 , 0.41375 , 0.4205 , 0.43075 , 0.44125 , 0.45225 , 0.46225 , 0.47325 , 0.4855 , 0.4945 , 
Rule : No_Rule_NS
0.01225 , 0.0245 , 0.03775 , 0.0505 , 0.06425 , 0.0765 , 0.08925 , 0.10125 , 0.1125 , 0.1235 , 0.1365 , 0.14925 , 0.16175 , 0.174 , 0.18575 , 0.1995 , 0.21125 , 0.22025 , 0.233 , 0.245 , 0.25925 , 0.2715 , 0.2825 , 0.29325 , 0.29725 , 0.3105 , 0.3225 , 0.33525 , 0.3485 , 0.36075 , 0.37375 , 0.386 , 0.397 , 0.407 , 0.4165 , 0.42825 , 0.43325 , 0.43675 , 0.445 , 0.44325 , 0.453 , 0.4595 , 0.46625 , 0.473 , 0.4795 , 0.48175 , 0.47825 , 0.49075 , 0.5045 , 0.509 , 
Road : {'lenght': 4000, 'Frequency': 0.85, 'Time': 3000}
Rule : RightHand_NS
0.0125 , 0.02375 , 0.03625 , 0.0475 , 0.06 , 0.07225 , 0.08475 , 0.09775 , 0.11125 , 0.1235 , 0.1345 , 0.14475 , 0.15425 , 0.1645 , 0.17525 , 0.18475 , 0.19425 , 0.2005 , 0.20925 , 0.219 , 0.22875 , 0.23875 , 0.24675 , 0.25825 , 0.261 , 0.27175 , 0.28325 , 0.291 , 0.3 , 0.30725 , 0.31875 , 0.329 , 0.3385 , 0.34125 , 0.34425 , 0.355 , 0.36675 , 0.37625 , 0.387 , 0.396 , 0.4045 , 0.414 , 0.4255 , 0.435 , 0.445 , 0.4565 , 0.467 , 0.47875 , 0.488 , 0.49975 , 
Rule : No_Rule_NS
0.0125 , 0.02375 , 0.03625 , 0.0475 , 0.06 , 0.07225 , 0.08475 , 0.09775 , 0.11125 , 0.12425 , 0.13725 , 0.15 , 0.16225 , 0.17475 , 0.18825 , 0.2005 , 0.2125 , 0.221 , 0.23375 , 0.2455 , 0.25825 , 0.26975 , 0.28 , 0.28875 , 0.2995 , 0.3125 , 0.326 , 0.3385 , 0.35125 , 0.36275 , 0.3765 , 0.3895 , 0.40175 , 0.41075 , 0.419 , 0.42925 , 0.43575 , 0.4385 , 0.44525 , 0.4535 , 0.45275 , 0.45675 , 0.4645 , 0.47475 , 0.4825 , 0.48575 , 0.4905 , 0.495 , 0.499 , 0.50075 , 
Road : {'lenght': 4000, 'Frequency': 0.85, 'Time': 3000}
Rule : RightHand_NS
0.0125 , 0.02475 , 0.03725 , 0.05025 , 0.063 , 0.0765 , 0.0895 , 0.10275 , 0.11525 , 0.1265 , 0.13625 , 0.1475 , 0.1565 , 0.1685 , 0.17825 , 0.18725 , 0.1975 , 0.20525 , 0.21425 , 0.2245 , 0.234 , 0.24525 , 0.249 , 0.25375 , 0.26125 , 0.2705 , 0.2755 , 0.2815 , 0.2895 , 0.3 , 0.3095 , 0.32 , 0.33225 , 0.33925 , 0.33725 , 0.3455 , 0.35625 , 0.36625 , 0.37475 , 0.38725 , 0.3965 , 0.407 , 0.417 , 0.428 , 0.43825 , 0.449 , 0.46 , 0.47175 , 0.484 , 0.4945 , 
Rule : No_Rule_NS
0.0125 , 0.02475 , 0.03725 , 0.05025 , 0.063 , 0.0765 , 0.0895 , 0.10275 , 0.11525 , 0.12725 , 0.13925 , 0.153 , 0.165 , 0.17825 , 0.191 , 0.20325 , 0.2135 , 0.2255 , 0.23825 , 0.25125 , 0.26325 , 0.27625 , 0.28475 , 0.294 , 0.307 , 0.31925 , 0.33225 , 0.34475 , 0.356 , 0.369 , 0.382 , 0.39475 , 0.40825 , 0.4185 , 0.426 , 0.43275 , 0.43375 , 0.44025 , 0.445 , 0.45075 , 0.4555 , 0.46275 , 0.47025 , 0.47875 , 0.47875 , 0.48525 , 0.4915 , 0.49975 , 0.50275 , 0.51075 , 
Road : {'lenght': 4000, 'Frequency': 0.85, 'Time': 3000}
Rule : RightHand_NS
0.01325 , 0.02525 , 0.0375 , 0.04975 , 0.0615 , 0.07325 , 0.086 , 0.09975 , 0.1125 , 0.12425 , 0.1355 , 0.1465 , 0.15675 , 0.1675 , 0.178 , 0.1885 , 0.197 , 0.2055 , 0.21625 , 0.22675 , 0.239 , 0.2515 , 0.2545 , 0.26125 , 0.265 , 0.275 , 0.28425 , 0.2935 , 0.30025 , 0.311 , 0.322 , 0.32675 , 0.33575 , 0.3375 , 0.342 , 0.3505 , 0.35975 , 0.36975 , 0.3775 , 0.38775 , 0.399 , 0.4085 , 0.41525 , 0.4265 , 0.439 , 0.44975 , 0.461 , 0.47075 , 0.48125 , 0.4925 , 
Rule : No_Rule_NS
0.01325 , 0.02525 , 0.0375 , 0.04975 , 0.0615 , 0.07325 , 0.086 , 0.09975 , 0.1125 , 0.125 , 0.13775 , 0.1505 , 0.16325 , 0.17575 , 0.1895 , 0.20175 , 0.213 , 0.22425 , 0.237 , 0.25 , 0.26325 , 0.2765 , 0.285 , 0.29675 , 0.3035 , 0.31475 , 0.32625 , 0.3395 , 0.3515 , 0.36475 , 0.37725 , 0.38975 , 0.403 , 0.41175 , 0.41925 , 0.42975 , 0.43675 , 0.446 , 0.44575 , 0.45025 , 0.456 , 0.46075 , 0.4615 , 0.46775 , 0.478 , 0.485 , 0.48475 , 0.49575 , 0.5035 , 0.5085 , 
Road : {'lenght': 4000, 'Frequency': 0.85, 'Time': 3000}
Rule : RightHand_NS
0.01375 , 0.0265 , 0.04025 , 0.05275 , 0.06475 , 0.076 , 0.0885 , 0.10125 , 0.114 , 0.12625 , 0.13625 , 0.147 , 0.1595 , 0.16875 , 0.18 , 0.189 , 0.19775 , 0.207 , 0.21575 , 0.226 , 0.2345 , 0.24675 , 0.25125 , 0.25525 , 0.264 , 0.27325 , 0.2815 , 0.292 , 0.3025 , 0.31225 , 0.32225 , 0.333 , 0.3425 , 0.34675 , 0.35125 , 0.357 , 0.36625 , 0.377 , 0.3875 , 0.39825 , 0.4075 , 0.41875 , 0.42975 , 0.4415 , 0.4515 , 0.462 , 0.473 , 0.48325 , 0.493 , 0.50275 , 
Rule : No_Rule_NS
0.01375 , 0.0265 , 0.04025 , 0.05275 , 0.06475 , 0.076 , 0.0885 , 0.10125 , 0.114 , 0.127 , 0.139 , 0.1515 , 0.165 , 0.177 , 0.19025 , 0.20275 , 0.21375 , 0.22675 , 0.2395 , 0.25275 , 0.26525 , 0.27875 , 0.28475 , 0.2955 , 0.3085 , 0.3215 , 0.3345 , 0.3465 , 0.3585 , 0.371 , 0.3845 , 0.398 , 0.41075 , 0.41925 , 0.425 , 0.431 , 0.433 , 0.4425 , 0.4505 , 0.455 , 0.462 , 0.468 , 0.473 , 0.4785 , 0.4835 , 0.49225 , 0.49525 , 0.49425 , 0.507 , 0.5145 , 
Road : {'lenght': 4000, 'Frequency': 0.85, 'Time': 3000}
Rule : RightHand_NS
0.0135 , 0.0255 , 0.03775 , 0.05175 , 0.06375 , 0.076 , 0.08825 , 0.10075 , 0.11325 , 0.12425 , 0.13525 , 0.14675 , 0.1565 , 0.1675 , 0.17775 , 0.188 , 0.198 , 0.20425 , 0.21625 , 0.2265 , 0.23825 , 0.24825 , 0.25025 , 0.25325 , 0.26225 , 0.2715 , 0.28125 , 0.29075 , 0.2995 , 0.309 , 0.31825 , 0.3265 , 0.336 , 0.3455 , 0.345 , 0.35375 , 0.36075 , 0.37075 , 0.383 , 0.39425 , 0.40475 , 0.4165 , 0.4265 , 0.436 , 0.44575 , 0.45575 , 0.46625 , 0.47825 , 0.49025 , 0.5015 , 
Rule : No_Rule_NS
0.0135 , 0.0255 , 0.03775 , 0.05175 , 0.06375 , 0.076 , 0.08825 , 0.10075 , 0.11325 , 0.12475 , 0.138 , 0.15 , 0.16325 , 0.17575 , 0.18825 , 0.20125 , 0.21375 , 0.22325 , 0.2365 , 0.249 , 0.26175 , 0.2745 , 0.2825 , 0.28825 , 0.296 , 0.3065 , 0.31825 , 0.33175 , 0.3425 , 0.35475 , 0.3665 , 0.3785 , 0.39125 , 0.40275 , 0.41 , 0.42275 , 0.43075 , 0.43625 , 0.44275 , 0.4475 , 0.44925 , 0.4625 , 0.46775 , 0.471 , 0.47525 , 0.48325 , 0.48675 , 0.4895 , 0.499 , 0.50225 , 
Road : {'lenght': 4000, 'Frequency': 0.85, 'Time': 3000}
Rule : RightHand_NS
0.01225 , 0.025 , 0.038 , 0.0505 , 0.06325 , 0.07575 , 0.089 , 0.1025 , 0.116 , 0.1275 , 0.13825 , 0.15 , 0.16025 , 0.1695 , 0.17975 , 0.189 , 0.198 , 0.209 , 0.2175 , 0.22675 , 0.23675 , 0.24825 , 0.253 , 0.26325 , 0.26775 , 0.27625 , 0.2865 , 0.29475 , 0.3035 , 0.314 , 0.32425 , 0.33275 , 0.343 , 0.34875 , 0.34975 , 0.3545 , 0.3575 , 0.36625 , 0.377 , 0.38725 , 0.398 , 0.40975 , 0.42 , 0.4315 , 0.44125 , 0.45225 , 0.4615 , 0.4735 , 0.483 , 0.493 , 
Rule : No_Rule_NS
0.01225 , 0.025 , 0.038 , 0.0505 , 0.06325 , 0.07575 , 0.089 , 0.1025 , 0.116 , 0.12775 , 0.1405 , 0.153 , 0.165 , 0.1765 , 0.1895 , 0.20075 , 0.21175 , 0.2235 , 0.236 , 0.2485 , 0.2605 , 0.274 , 0.283 , 0.293 , 0.30325 , 0.316 , 0.3295 , 0.34175 , 0.35425 , 0.368 , 0.3815 , 0.39325 , 0.406 , 0.4175 , 0.424 , 0.435 , 0.43975 , 0.4405 , 0.448 , 0.447 , 0.4545 , 0.462 , 0.46275 , 0.4635 , 0.473 , 0.48125 , 0.48525 , 0.49675 , 0.496 , 0.50825 , 
Road : {'lenght': 4000, 'Frequency': 0.85, 'Time': 3000}
Rule : RightHand_NS
0.0125 , 0.02425 , 0.03675 , 0.04975 , 0.063 , 0.076 , 0.088 , 0.10025 , 0.113 , 0.12475 , 0.136 , 0.147 , 0.1575 , 0.16725 , 0.17825 , 0.18975 , 0.19925 , 0.2075 , 0.21725 , 0.22775 , 0.238 , 0.2495 , 0.2495 , 0.25625 , 0.26525 , 0.2765 , 0.28725 , 0.29925 , 0.3085 , 0.31925 , 0.3285 , 0.33675 , 0.345 , 0.35475 , 0.358 , 0.35625 , 0.3645 , 0.3725 , 0.3785 , 0.38775 , 0.399 , 0.4115 , 0.42375 , 0.43375 , 0.44625 , 0.45575 , 0.46425 , 0.47425 , 0.4855 , 0.49625 , 
Rule : No_Rule_NS
0.0125 , 0.02425 , 0.03675 , 0.04975 , 0.063 , 0.076 , 0.088 , 0.10025 , 0.113 , 0.12525 , 0.1385 , 0.1505 , 0.1625 , 0.1745 , 0.18725 , 0.20125 , 0.21175 , 0.22125 , 0.232 , 0.24375 , 0.257 , 0.27025 , 0.27925 , 0.2895 , 0.30025 , 0.31375 , 0.32725 , 0.34125 , 0.3545 , 0.36775 , 0.37975 , 0.39175 , 0.403 , 0.4155 , 0.422 , 0.42975 , 0.43325 , 0.43775 , 0.44875 , 0.45475 , 0.455 , 0.46375 , 0.476 , 0.48525 , 0.4915 , 0.5 , 0.50425 , 0.51075 , 0.50975 , 0.51825 , 
Road : {'lenght': 4000, 'Frequency': 0.85, 'Time': 3000}
Rule : RightHand_NS
0.0125 , 0.025 , 0.03875 , 0.051 , 0.064 , 0.07775 , 0.09175 , 0.104 , 0.11725 , 0.12775 , 0.139 , 0.14675 , 0.157 , 0.16725 , 0.178 , 0.1895 , 0.199 , 0.204 , 0.2105 , 0.22125 , 0.23325 , 0.2435 , 0.255 , 0.2645 , 0.27475 , 0.2825 , 0.29325 , 0.305 , 0.316 , 0.327 , 0.338 , 0.34825 , 0.3575 , 0.36025 , 0.3685 , 0.37525 , 0.3825 , 0.387 , 0.4 , 0.402 , 0.413 , 0.425 , 0.43275 , 0.4425 , 0.4525 , 0.46425 , 0.47375 , 0.48225 , 0.49275 , 0.50275 , 
Rule : No_Rule_NS
0.0125 , 0.025 , 0.03875 , 0.051 , 0.064 , 0.07775 , 0.09175 , 0.104 , 0.11725 , 0.12825 , 0.14175 , 0.15225 , 0.1645 , 0.178 , 0.19075 , 0.20375 , 0.21425 , 0.22425 , 0.2345 , 0.24725 , 0.261 , 0.2745 , 0.2855 , 0.29875 , 0.31175 , 0.324 , 0.33725 , 0.35025 , 0.36275 , 0.37575 , 0.3885 , 0.4005 , 0.4135 , 0.424 , 0.43225 , 0.43475 , 0.4385 , 0.44525 , 0.4535 , 0.4575 , 0.462 , 0.4685 , 0.4675 , 0.4785 , 0.48625 , 0.4955 , 0.4985 , 0.50025 , 0.50175 , 0.5135 , 
Road : {'lenght': 4000, 'Frequency': 0.85, 'Time': 3000}
Rule : RightHand_NS
0.0135 , 0.02625 , 0.03975 , 0.05325 , 0.06525 , 0.0765 , 0.088 , 0.1 , 0.1115 , 0.1235 , 0.13525 , 0.14575 , 0.1575 , 0.16675 , 0.1785 , 0.18875 , 0.1975 , 0.202 , 0.21125 , 0.22025 , 0.2305 , 0.2395 , 0.245 , 0.2525 , 0.26125 , 0.26725 , 0.276 , 0.2855 , 0.29625 , 0.30525 , 0.31475 , 0.32525 , 0.33425 , 0.343 , 0.34225 , 0.342 , 0.354 , 0.357 , 0.36875 , 0.37925 , 0.39 , 0.39875 , 0.41025 , 0.41975 , 0.4325 , 0.44275 , 0.45375 , 0.4655 , 0.47575 , 0.488 , 
Rule : No_Rule_NS
0.0135 , 0.02625 , 0.03975 , 0.05325 , 0.06525 , 0.0765 , 0.088 , 0.1 , 0.1115 , 0.12425 , 0.13725 , 0.1505 , 0.16325 , 0.17425 , 0.18675 , 0.199 , 0.20975 , 0.22125 , 0.23425 , 0.246 , 0.2585 , 0.26975 , 0.27875 , 0.28975 , 0.3025 , 0.31525 , 0.3275 , 0.3365 , 0.348 , 0.36 , 0.373 , 0.3865 , 0.39825 , 0.405 , 0.41025 , 0.4095 , 0.41375 , 0.41875 , 0.42825 , 0.4365 , 0.44175 , 0.448 , 0.454 , 0.4575 , 0.4655 , 0.46475 , 0.4725 , 0.481 , 0.48375 , 0.48925 , 
